cam0:
  cam_overlaps: [1]
  camera_model: pinhole
  distortion_coeffs: [0.004439683102579216, 0.0009520573642708679, -0.0009265011694223898, 0.0007972071674793472]
  distortion_model: radtan
  intrinsics: [387.7035976807636, 389.3665937019918, 324.89969277387047, 233.38198716538312]
  resolution: [640, 480]
  rostopic: /camera/infra1/image_rect_raw
cam1:
  T_cn_cnm1:
  - [0.9999981715867851, 0.00021144344867562596, 0.0019005564317009296, -0.05053188147198027]
  - [-0.00021147670106242273, 0.9999999774892381, 1.7295187454975797e-05, 2.5296831053892787e-06]
  - [-0.00190055273196388, -1.7697079236585622e-05, 0.9999981937914296, -6.260793179437395e-05]
  - [0.0, 0.0, 0.0, 1.0]
  cam_overlaps: [0]
  camera_model: pinhole
  distortion_coeffs: [0.004156903905716617, 0.001140265005691289, -0.0009029405147240034, 0.0006468091864931958]
  distortion_model: radtan
  intrinsics: [387.6137468553261, 389.2658313906834, 324.2305741467369, 233.4041083121678]
  resolution: [640, 480]
  rostopic: /camera/infra2/image_rect_raw
